\\ 577 representatives of idoneal genera
\\
\\ Each item represents a symmetric matrix. 
\\ Only the entries in the lower triangle are listed.
\\
\\ dimension 1: 1 genus
1 
\\ dimension 2: 65 genera
1 0 1 
1 0 2 
1 0 3 
1 0 4 
1 0 5 
1 0 6 
1 0 7 
1 0 8 
1 0 9 
1 0 10 
1 0 12 
1 0 13 
1 0 15 
1 0 16 
1 0 18 
1 0 21 
1 0 22 
1 0 24 
1 0 25 
1 0 28 
1 0 30 
1 0 33 
1 0 37 
1 0 40 
1 0 42 
1 0 45 
1 0 48 
1 0 57 
1 0 58 
1 0 60 
1 0 70 
1 0 72 
1 0 78 
1 0 85 
1 0 88 
1 0 93 
1 0 102 
1 0 105 
1 0 112 
1 0 120 
1 0 130 
1 0 133 
1 0 165 
1 0 168 
1 0 177 
1 0 190 
1 0 210 
1 0 232 
1 0 240 
1 0 253 
1 0 273 
1 0 280 
1 0 312 
1 0 330 
1 0 345 
1 0 357 
1 0 385 
1 0 408 
1 0 462 
1 0 520 
1 0 760 
1 0 840 
1 0 1320 
1 0 1365 
1 0 1848 
\\ dimension 3: 110 genera
1 0 1 0 0 1 
1 0 1 0 0 2 
1 0 2 0 -1 2 
1 0 1 0 0 3 
1 0 1 0 0 4 
1 0 2 0 0 2 
1 0 2 0 1 3 
1 0 1 0 0 5 
1 0 1 0 0 6 
1 0 2 0 0 3 
1 0 2 0 1 4 
1 0 1 0 0 8 
1 0 3 0 1 3 
1 0 2 0 0 4 
1 0 2 0 1 5 
1 0 1 0 0 9 
1 0 3 0 0 3 
1 0 2 0 0 5 
1 0 2 0 1 6 
1 0 3 0 1 4 
1 0 1 0 0 12 
1 0 3 0 0 4 
1 0 4 0 2 4 
1 0 2 0 0 6 
1 0 3 0 1 5 
1 0 2 0 0 7 
1 0 3 0 0 5 
1 0 4 0 1 4 
1 0 4 0 2 5 
1 0 2 0 0 8 
1 0 4 0 0 4 
1 0 2 0 1 9 
1 0 3 0 0 6 
1 0 4 0 0 5 
1 0 3 0 -1 7 
1 0 2 0 0 10 
1 0 1 0 0 21 
1 0 4 0 -1 6 
1 0 1 0 0 24 
1 0 5 0 1 5 
1 0 4 0 2 7 
1 0 4 0 0 6 
1 0 5 0 0 5 
1 0 2 0 0 13 
1 0 6 0 -3 6 
1 0 3 0 0 9 
1 0 4 0 -2 8 
1 0 5 0 -1 6 
1 0 3 0 0 10 
1 0 2 0 0 16 
1 0 6 0 2 6 
1 0 4 0 0 8 
1 0 2 0 -1 18 
1 0 4 0 0 9 
1 0 3 0 0 12 
1 0 6 0 0 6 
1 0 4 0 -1 10 
1 0 5 0 0 8 
1 0 5 0 -2 9 
1 0 5 0 1 9 
1 0 2 0 0 22 
1 0 6 0 -3 9 
1 0 4 0 2 13 
1 0 8 0 4 8 
1 0 4 0 0 12 
1 0 5 0 0 10 
1 0 6 0 0 9 
1 0 3 0 0 18 
1 0 8 0 4 9 
1 0 5 0 -2 12 
1 0 4 0 2 16 
1 0 6 0 3 12 
1 0 8 0 0 8 
1 0 5 0 0 13 
1 0 9 0 3 9 
1 0 10 0 5 10 
1 0 8 0 0 10 
1 0 8 0 4 12 
1 0 9 0 0 9 
1 0 4 0 0 21 
1 0 3 0 0 30 
1 0 6 0 0 16 
1 0 10 0 2 10 
1 0 4 0 0 24 
1 0 8 0 0 13 
1 0 9 0 0 12 
1 0 6 0 0 18 
1 0 6 0 -3 21 
1 0 12 0 -6 13 
1 0 5 0 0 25 
1 0 8 0 0 16 
1 0 12 0 3 12 
1 0 2 0 0 70 
1 0 6 0 0 24 
1 0 12 0 0 12 
1 0 8 0 4 24 
1 0 9 0 0 21 
1 0 16 0 8 16 
1 0 5 0 0 40 
1 0 9 0 0 24 
1 0 12 0 -6 21 
1 0 10 0 0 30 
1 0 8 0 0 40 
1 0 12 0 6 33 
1 0 16 0 0 24 
1 0 24 0 -12 24 
1 0 21 0 0 21 
1 0 8 0 -4 72 
1 0 24 0 0 24 
1 0 40 0 -20 40 
\\ dimension 4: 122 genera
1 0 1 0 0 1 0 0 0 1 
1 0 1 0 0 1 0 0 0 2 
1 0 1 0 0 2 0 0 -1 2 
1 0 1 0 0 1 0 0 0 3 
1 0 1 0 0 2 0 0 0 2 
1 0 1 0 0 1 0 0 0 4 
1 0 2 0 -1 2 0 1 -1 2 
1 0 1 0 0 2 0 0 1 3 
1 0 1 0 0 1 0 0 0 5 
1 0 1 0 0 1 0 0 0 6 
1 0 1 0 0 2 0 0 0 3 
1 0 1 0 0 2 0 0 1 4 
1 0 2 0 1 2 0 -1 -1 3 
1 0 1 0 0 2 0 0 0 4 
1 0 1 0 0 1 0 0 0 8 
1 0 1 0 0 3 0 0 1 3 
1 0 2 0 0 2 0 1 -1 3 
1 0 2 0 0 2 0 0 0 2 
1 0 2 0 -1 2 0 0 0 3 
1 0 1 0 0 2 0 0 1 5 
1 0 1 0 0 3 0 0 0 3 
1 0 2 0 0 2 0 0 1 3 
1 0 1 0 0 2 0 0 0 5 
1 0 1 0 0 3 0 0 -1 4 
1 0 1 0 0 4 0 0 2 4 
1 0 2 0 0 2 0 0 0 3 
1 0 1 0 0 2 0 0 0 6 
1 0 2 0 1 3 0 1 1 3 
1 0 2 0 1 2 0 0 0 4 
1 0 1 0 0 3 0 0 0 4 
1 0 2 0 1 3 0 0 1 3 
1 0 2 0 -1 2 0 -1 0 5 
1 0 1 0 0 2 0 0 0 7 
1 0 1 0 0 3 0 0 0 5 
1 0 2 0 -1 3 0 0 0 3 
1 0 1 0 0 4 0 0 0 4 
1 0 2 0 0 3 0 0 -1 3 
1 0 3 0 -1 3 0 -1 -1 3 
1 0 2 0 0 2 0 -1 -1 5 
1 0 2 0 1 2 0 -1 0 6 
1 0 2 0 0 2 0 0 0 4 
1 0 1 0 0 3 0 0 1 6 
1 0 1 0 0 2 0 0 0 9 
1 0 2 0 0 3 0 0 0 3 
1 0 1 0 0 4 0 0 1 5 
1 0 3 0 1 3 0 1 1 3 
1 0 2 0 0 2 0 0 0 5 
1 0 1 0 0 4 0 0 0 5 
1 0 2 0 1 4 0 -1 -2 4 
1 0 3 0 1 3 0 1 0 3 
1 0 2 0 1 2 0 0 0 7 
1 0 2 0 -1 3 0 -1 0 5 
1 0 2 0 0 3 0 0 0 4 
1 0 3 0 1 3 0 1 -1 4 
1 0 1 0 0 5 0 0 1 5 
1 0 2 0 1 4 0 1 1 4 
1 0 2 0 0 2 0 0 0 6 
1 0 2 0 -1 3 0 0 0 5 
1 0 3 0 0 3 0 0 0 3 
1 0 2 0 0 3 0 -1 0 5 
1 0 1 0 0 3 0 0 0 9 
1 0 2 0 0 3 0 0 -1 5 
1 0 3 0 1 3 0 -1 -1 4 
1 0 2 0 -1 3 0 0 0 6 
1 0 1 0 0 4 0 0 0 8 
1 0 3 0 -1 3 0 0 0 4 
1 0 2 0 0 4 0 0 -2 5 
1 0 3 0 -1 3 0 1 1 5 
1 0 2 0 0 4 0 0 0 4 
1 0 2 0 0 2 0 0 0 8 
1 0 4 0 2 4 0 2 2 4 
1 0 2 0 0 3 0 1 0 6 
1 0 3 0 0 3 0 0 1 4 
1 0 1 0 0 1 0 0 0 35 
1 0 3 0 0 4 0 0 -2 4 
1 0 1 0 0 5 0 0 2 8 
1 0 1 0 0 3 0 0 0 12 
1 0 2 0 -1 5 0 -1 0 5 
1 0 2 0 -1 4 0 0 -1 6 
1 0 1 0 0 2 0 0 0 21 
1 0 1 0 0 4 0 0 2 12 
1 0 2 0 -1 5 0 1 -2 6 
1 0 1 0 0 8 0 0 4 8 
1 0 3 0 1 3 0 -1 1 7 
1 0 4 0 -2 5 0 -2 -1 5 
1 0 2 0 1 2 0 0 0 16 
1 0 2 0 0 4 0 0 0 6 
1 0 4 0 2 4 0 0 0 4 
1 0 1 0 0 5 0 0 2 11 
1 0 3 0 0 3 0 0 0 6 
1 0 4 0 -1 4 0 -1 0 4 
1 0 2 0 0 3 0 0 0 10 
1 0 4 0 -2 5 0 -2 1 5 
1 0 2 0 0 6 0 0 -2 6 
1 0 4 0 0 4 0 0 0 4 
1 0 1 0 0 8 0 0 0 9 
1 0 4 0 0 4 0 0 0 5 
1 0 4 0 2 4 0 2 2 8 
1 0 3 0 0 6 0 0 3 6 
1 0 3 0 0 3 0 0 0 9 
1 0 1 0 0 8 0 0 0 12 
1 0 4 0 0 4 0 -2 2 8 
1 0 4 0 2 4 0 0 0 9 
1 0 3 0 0 6 0 0 0 6 
1 0 5 0 1 5 0 -1 -1 5 
1 0 5 0 0 5 0 0 0 5 
1 0 4 0 -2 5 0 0 0 8 
1 0 2 0 0 8 0 0 0 8 
1 0 6 0 -2 6 0 2 2 6 
1 0 4 0 0 4 0 0 0 8 
1 0 3 0 0 6 0 0 -3 9 
1 0 4 0 -2 4 0 0 0 12 
1 0 3 0 0 3 0 0 0 18 
1 0 2 0 0 6 0 0 0 16 
1 0 4 0 0 8 0 0 -4 8 
1 0 6 0 0 6 0 3 -3 9 
1 0 5 0 1 5 0 -2 2 12 
1 0 3 0 0 9 0 0 0 9 
1 0 8 0 -4 8 0 -4 4 8 
1 0 9 0 3 9 0 3 -3 9 
1 0 8 0 0 8 0 0 0 8 
1 0 8 0 4 8 0 0 0 16 
\\ dimension 5: 107 genera
1 0 1 0 0 1 0 0 0 1 0 0 0 0 1 
1 0 1 0 0 1 0 0 0 1 0 0 0 0 2 
1 0 1 0 0 1 0 0 0 2 0 0 0 -1 2 
1 0 1 0 0 1 0 0 0 1 0 0 0 0 3 
1 0 1 0 0 1 0 0 0 2 0 0 0 0 2 
1 0 2 0 -1 2 0 -1 1 2 0 -1 1 0 2 
1 0 1 0 0 1 0 0 0 1 0 0 0 0 4 
1 0 1 0 0 2 0 0 -1 2 0 0 1 -1 2 
1 0 2 0 1 2 0 1 1 2 0 -1 -1 -1 2 
1 0 1 0 0 1 0 0 0 2 0 0 0 1 3 
1 0 1 0 0 1 0 0 0 1 0 0 0 0 6 
1 0 1 0 0 1 0 0 0 2 0 0 0 0 3 
1 0 1 0 0 1 0 0 0 2 0 0 0 1 4 
1 0 1 0 0 2 0 0 1 2 0 0 1 1 3 
1 0 1 0 0 2 0 0 0 2 0 0 0 0 2 
1 0 1 0 0 1 0 0 0 2 0 0 0 0 4 
1 0 1 0 0 1 0 0 0 3 0 0 0 1 3 
1 0 1 0 0 2 0 0 0 2 0 0 -1 -1 3 
1 0 2 0 1 2 0 1 0 2 0 1 1 1 3 
1 0 2 0 1 2 0 0 0 2 0 0 0 -1 2 
1 0 1 0 0 2 0 0 -1 2 0 0 0 0 3 
1 0 1 0 0 1 0 0 0 1 0 0 0 0 9 
1 0 1 0 0 2 0 0 0 2 0 0 0 1 3 
1 0 1 0 0 2 0 0 1 2 0 0 -1 -1 4 
1 0 1 0 0 1 0 0 0 2 0 0 0 1 6 
1 0 2 0 0 2 0 1 -1 3 0 0 0 1 2 
1 0 2 0 1 2 0 0 0 2 0 0 0 0 2 
1 0 2 0 1 2 0 -1 -1 2 0 -1 -1 0 4 
1 0 1 0 0 1 0 0 0 1 0 0 0 0 12 
1 0 1 0 0 2 0 0 1 3 0 0 1 1 3 
1 0 1 0 0 1 0 0 0 3 0 0 0 0 4 
1 0 2 0 1 2 0 1 0 2 0 1 1 0 4 
1 0 1 0 0 2 0 0 -1 3 0 0 0 -1 3 
1 0 1 0 0 1 0 0 0 3 0 0 0 -1 5 
1 0 1 0 0 1 0 0 0 4 0 0 0 1 4 
1 0 2 0 -1 2 0 1 -1 3 0 1 -1 0 3 
1 0 1 0 0 2 0 0 0 2 0 0 0 0 4 
1 0 2 0 0 2 0 1 -1 3 0 0 0 0 2 
1 0 1 0 0 1 0 0 0 4 0 0 0 0 4 
1 0 2 0 0 2 0 -1 -1 3 0 1 1 -1 3 
1 0 2 0 -1 2 0 1 -1 2 0 0 0 0 4 
1 0 1 0 0 3 0 0 -1 3 0 0 1 1 3 
1 0 2 0 1 2 0 1 1 2 0 -1 -1 0 5 
1 0 2 0 1 2 0 -1 -1 3 0 1 1 -1 3 
1 0 2 0 0 2 0 0 0 2 0 0 0 0 2 
1 0 2 0 -1 2 0 0 0 2 0 1 0 1 4 
1 0 1 0 0 1 0 0 0 1 0 0 0 0 18 
1 0 1 0 0 2 0 0 0 3 0 0 0 0 3 
1 0 1 0 0 1 0 0 0 2 0 0 0 1 10 
1 0 2 0 -1 2 0 0 0 2 0 -1 1 0 4 
1 0 2 0 0 2 0 0 0 2 0 1 -1 1 4 
1 0 2 0 0 2 0 -1 -1 3 0 0 0 1 3 
1 0 2 0 1 2 0 -1 -1 2 0 1 1 -1 6 
1 0 1 0 0 1 0 0 0 3 0 0 0 0 7 
1 0 1 0 0 2 0 0 0 3 0 0 0 -1 4 
1 0 1 0 0 2 0 0 0 4 0 0 0 -2 4 
1 0 1 0 0 1 0 0 0 4 0 0 0 0 6 
1 0 2 0 0 2 0 -1 -1 3 0 1 1 -1 4 
1 0 1 0 0 3 0 0 1 3 0 0 1 -1 4 
1 0 2 0 -1 3 0 1 0 3 0 0 1 -1 3 
1 0 2 0 -1 2 0 1 0 4 0 1 -1 2 4 
1 0 2 0 -1 3 0 -1 1 3 0 -1 1 0 3 
1 0 2 0 1 2 0 0 0 3 0 0 0 0 3 
1 0 1 0 0 2 0 0 0 3 0 0 -1 0 5 
1 0 2 0 0 2 0 0 0 2 0 0 0 1 4 
1 0 1 0 0 2 0 0 1 3 0 0 0 1 6 
1 0 1 0 0 1 0 0 0 3 0 0 0 0 10 
1 0 1 0 0 4 0 0 2 4 0 0 2 2 4 
1 0 2 0 0 3 0 0 -1 3 0 0 -1 -1 3 
1 0 2 0 0 2 0 0 0 3 0 0 0 1 3 
1 0 3 0 -1 3 0 1 1 3 0 -1 -1 -1 3 
1 0 1 0 0 1 0 0 0 6 0 0 0 2 6 
1 0 1 0 0 3 0 0 1 3 0 0 0 0 4 
1 0 2 0 0 2 0 0 0 2 0 0 0 0 4 
1 0 2 0 1 2 0 0 0 2 0 0 0 1 6 
1 0 1 0 0 3 0 0 0 4 0 0 0 -2 4 
1 0 1 0 0 2 0 0 1 5 0 0 -1 -2 5 
1 0 2 0 -1 3 0 -1 1 3 0 -1 1 1 4 
1 0 1 0 0 3 0 0 1 4 0 0 -1 0 4 
1 0 2 0 1 2 0 0 0 4 0 0 0 -1 4 
1 0 3 0 -1 3 0 -1 1 3 0 1 -1 -1 3 
1 0 1 0 0 3 0 0 0 4 0 0 0 0 4 
1 0 1 0 0 3 0 0 -1 3 0 0 1 1 7 
1 0 2 0 0 2 0 0 0 2 0 0 0 0 6 
1 0 3 0 -1 3 0 0 -1 3 0 -1 0 1 3 
1 0 1 0 0 2 0 0 0 3 0 0 0 0 9 
1 0 1 0 0 4 0 0 0 4 0 0 0 0 4 
1 0 2 0 0 3 0 0 -1 3 0 0 1 1 5 
1 0 3 0 -1 3 0 1 1 3 0 0 0 0 4 
1 0 2 0 0 2 0 -1 -1 5 0 1 -1 0 5 
1 0 2 0 1 2 0 -1 -1 6 0 1 0 -3 6 
1 0 2 0 0 2 0 0 0 4 0 0 0 0 4 
1 0 4 0 -2 4 0 2 -2 4 0 -2 0 -2 4 
1 0 2 0 1 4 0 1 1 4 0 -1 0 -1 4 
1 0 4 0 2 4 0 2 0 4 0 -2 0 -2 4 
1 0 3 0 0 3 0 0 0 3 0 0 0 0 3 
1 0 1 0 0 4 0 0 -2 4 0 0 0 0 8 
1 0 4 0 2 5 0 -2 1 5 0 0 2 2 4 
1 0 4 0 -2 4 0 2 -2 4 0 0 0 0 4 
1 0 4 0 2 4 0 0 0 4 0 0 0 2 4 
1 0 3 0 0 3 0 0 0 3 0 0 0 0 6 
1 0 4 0 2 4 0 2 2 4 0 2 2 0 8 
1 0 3 0 0 3 0 0 0 6 0 0 0 -3 6 
1 0 4 0 -2 5 0 -2 1 5 0 2 -1 -1 5 
1 0 2 0 0 6 0 0 -2 6 0 0 2 2 6 
1 0 4 0 0 4 0 0 0 4 0 0 0 0 4 
1 0 8 0 -4 8 0 -4 4 8 0 4 -4 0 8 
\\ dimension 6: 76 genera
1 0 1 0 0 1 0 0 0 1 0 0 0 0 1 0 0 0 0 0 1 
1 0 1 0 0 1 0 0 0 1 0 0 0 0 1 0 0 0 0 0 2 
1 0 1 0 0 1 0 0 0 1 0 0 0 0 2 0 0 0 0 -1 2 
1 0 1 0 0 1 0 0 0 1 0 0 0 0 1 0 0 0 0 0 3 
1 0 1 0 0 1 0 0 0 1 0 0 0 0 2 0 0 0 0 0 2 
1 0 2 0 1 2 0 1 1 2 0 1 1 0 2 0 0 0 0 0 1 
1 0 1 0 0 1 0 0 0 1 0 0 0 0 1 0 0 0 0 0 4 
1 0 1 0 0 1 0 0 0 2 0 0 0 1 2 0 0 0 -1 -1 2 
1 0 1 0 0 2 0 0 -1 2 0 0 -1 1 2 0 0 1 -1 -1 2 
1 0 1 0 0 1 0 0 0 1 0 0 0 0 2 0 0 0 0 1 3 
1 0 2 0 -1 2 0 1 -1 2 0 -1 1 -1 2 0 -1 1 -1 1 2 
1 0 1 0 0 1 0 0 0 2 0 0 0 -1 2 0 0 0 0 0 2 
1 0 1 0 0 1 0 0 0 2 0 0 0 -1 2 0 0 0 -1 0 3 
2 1 2 1 1 2 1 0 1 2 0 0 0 0 1 0 0 0 0 0 2 
1 0 1 0 0 2 0 0 1 2 0 0 -1 0 2 0 0 0 0 0 2 
1 0 1 0 0 1 0 0 0 1 0 0 0 0 1 0 0 0 0 0 8 
1 0 1 0 0 1 0 0 0 2 0 0 0 0 2 0 0 0 -1 -1 3 
1 0 1 0 0 2 0 0 1 2 0 0 -1 0 2 0 0 1 0 0 3 
1 0 1 0 0 2 0 0 -1 2 0 0 0 0 2 0 0 0 0 -1 2 
1 0 2 0 1 2 0 1 1 2 0 1 1 1 2 0 1 0 1 1 3 
1 0 1 0 0 1 0 0 0 1 0 0 0 0 1 0 0 0 0 0 9 
1 0 2 0 1 2 0 1 1 2 0 1 1 1 2 0 0 0 0 0 2 
1 0 1 0 0 2 0 0 1 2 0 0 0 0 2 0 0 1 1 -1 3 
1 0 1 0 0 1 0 0 0 1 0 0 0 0 3 0 0 0 0 1 4 
1 0 1 0 0 1 0 0 0 1 0 0 0 0 4 0 0 0 0 2 4 
1 0 1 0 0 2 0 0 1 2 0 0 1 0 2 0 0 1 1 1 4 
1 0 1 0 0 2 0 0 0 2 0 0 -1 -1 3 0 0 0 0 -1 2 
1 0 2 0 1 2 0 1 0 2 0 0 0 0 2 0 0 0 0 1 2 
1 0 1 0 0 2 0 0 1 2 0 0 1 1 2 0 0 0 0 0 3 
1 0 2 0 -1 2 0 1 -1 2 0 1 -1 0 3 0 1 0 1 1 3 
1 0 2 0 -1 2 0 -1 1 2 0 -1 1 1 2 0 -1 1 0 0 4 
1 0 1 0 0 1 0 0 0 2 0 0 0 0 2 0 0 0 0 -1 4 
1 0 2 0 -1 2 0 0 0 2 0 0 0 1 2 0 -1 1 1 1 3 
1 0 1 0 0 2 0 0 1 2 0 0 1 1 3 0 0 1 0 1 3 
1 0 1 0 0 2 0 0 0 2 0 0 0 0 2 0 0 0 0 0 2 
1 0 1 0 0 1 0 0 0 2 0 0 0 0 2 0 0 0 0 0 4 
1 0 2 0 0 2 0 -1 -1 3 0 1 -1 -1 3 0 0 0 -1 1 2 
2 -1 2 1 -1 2 -1 1 0 2 0 0 0 0 1 0 0 0 0 0 4 
1 0 1 0 0 1 0 0 0 2 0 0 0 0 3 0 0 0 0 -1 3 
1 0 1 0 0 1 0 0 0 3 0 0 0 -1 3 0 0 0 -1 -1 3 
1 0 1 0 0 2 0 0 0 2 0 0 1 -1 3 0 0 -1 1 -1 3 
1 0 2 0 -1 2 0 1 -1 2 0 1 -1 0 3 0 -1 1 0 -1 3 
1 0 2 0 0 2 0 0 1 2 0 1 -1 -1 3 0 -1 -1 -1 1 3 
1 0 2 0 1 2 0 -1 -1 2 0 -1 -1 0 3 0 1 1 -1 -1 3 
1 0 2 0 1 2 0 1 0 2 0 1 0 1 3 0 -1 0 -1 0 3 
1 0 2 0 -1 2 0 1 -1 2 0 -1 1 0 3 0 0 0 0 1 3 
1 0 2 0 1 2 0 1 0 2 0 0 0 0 2 0 -1 -1 -1 -1 4 
1 0 2 0 -1 2 0 0 0 2 0 1 -1 -1 3 0 1 -1 -1 1 3 
1 0 1 0 0 2 0 0 -1 2 0 0 1 0 3 0 0 1 -1 0 4 
2 1 2 1 1 2 1 0 1 2 0 0 0 0 1 0 0 0 0 0 6 
1 0 2 0 -1 2 0 0 0 2 0 0 0 -1 2 0 -1 1 1 -1 4 
1 0 2 0 0 2 0 -1 -1 3 0 1 -1 -1 3 0 0 -1 0 0 3 
1 0 2 0 1 2 0 1 1 2 0 0 0 0 2 0 -1 -1 -1 0 4 
1 0 2 0 1 2 0 -1 -1 3 0 -1 -1 0 3 0 -1 0 1 1 3 
1 0 1 0 0 2 0 0 1 2 0 0 0 0 3 0 0 0 0 0 3 
1 0 2 0 1 2 0 -1 -1 2 0 -1 -1 1 3 0 0 0 0 0 3 
1 0 1 0 0 2 0 0 1 3 0 0 1 0 3 0 0 1 0 1 3 
1 0 1 0 0 1 0 0 0 2 0 0 0 0 4 0 0 0 0 0 4 
1 0 2 0 0 2 0 0 0 2 0 0 0 0 2 0 1 -1 1 -1 4 
1 0 1 0 0 2 0 0 0 2 0 0 1 -1 3 0 0 0 0 0 4 
1 0 2 0 1 2 0 0 0 2 0 -1 0 0 3 0 1 1 0 0 3 
1 0 2 0 0 2 0 0 0 2 0 0 0 0 2 0 0 0 0 0 2 
1 0 2 0 0 2 0 0 -1 2 0 1 0 0 2 0 0 0 0 0 4 
1 0 3 0 1 3 0 1 -1 3 0 -1 -1 -1 3 0 -1 1 -1 -1 3 
1 0 1 0 0 3 0 0 1 3 0 0 1 1 3 0 0 1 1 1 3 
1 0 1 0 0 3 0 0 1 3 0 0 1 -1 3 0 0 0 0 0 3 
1 0 1 0 0 4 0 0 2 4 0 0 2 2 4 0 0 -2 -2 0 4 
1 0 3 0 1 3 0 -1 1 3 0 0 0 0 2 0 0 0 0 0 2 
1 0 3 0 -1 3 0 -1 -1 3 0 -1 1 1 3 0 1 -1 -1 -1 3 
1 0 1 0 0 3 0 0 -1 3 0 0 1 1 3 0 0 0 0 0 4 
1 0 2 0 0 2 0 0 0 2 0 0 0 0 2 0 0 0 0 0 4 
1 0 4 0 2 4 0 2 2 4 0 -2 0 -2 4 0 -2 -2 -2 2 4 
1 0 4 0 -2 4 0 -2 2 4 0 2 -2 -2 4 0 -2 2 2 -2 4 
1 0 3 0 0 3 0 0 0 3 0 0 0 0 3 0 0 0 0 0 3 
1 0 4 0 0 4 0 -2 -2 5 0 2 2 -3 5 0 2 2 -1 3 5 
1 0 4 0 2 4 0 2 0 4 0 -2 -2 -2 4 0 0 0 0 0 4 
\\ dimension 7: 47 genera
1 0 1 0 0 1 0 0 0 1 0 0 0 0 1 0 0 0 0 0 1 0 0 0 0 0 0 1 
1 0 1 0 0 1 0 0 0 1 0 0 0 0 1 0 0 0 0 0 1 0 0 0 0 0 0 2 
2 1 2 1 0 2 -1 -1 -1 2 -1 0 -1 1 2 -1 -1 -1 1 1 2 0 0 0 0 0 0 1 
1 0 1 0 0 1 0 0 0 1 0 0 0 0 1 0 0 0 0 0 2 0 0 0 0 0 -1 2 
2 1 2 -1 -1 2 1 0 -1 2 1 1 -1 1 2 1 1 -1 1 1 2 0 0 0 0 0 0 1 
1 0 1 0 0 1 0 0 0 2 0 0 0 -1 2 0 0 0 1 -1 2 0 0 0 -1 1 0 2 
1 0 1 0 0 1 0 0 0 1 0 0 0 0 2 0 0 0 0 1 2 0 0 0 0 1 0 2 
1 0 2 0 1 2 0 1 1 2 0 1 1 0 2 0 1 1 1 1 2 0 0 0 0 0 0 1 
1 0 1 0 0 1 0 0 0 2 0 0 0 1 2 0 0 0 -1 -1 2 0 0 0 1 1 -1 2 
1 0 1 0 0 1 0 0 0 1 0 0 0 0 1 0 0 0 0 0 2 0 0 0 0 0 0 3 
1 0 2 0 1 2 0 1 1 2 0 1 1 1 2 0 1 1 1 1 2 0 1 1 1 1 1 2 
1 0 1 0 0 1 0 0 0 1 0 0 0 0 1 0 0 0 0 0 2 0 0 0 0 0 1 4 
1 0 2 0 1 2 0 -1 -1 2 0 1 1 0 2 0 0 0 0 0 1 0 0 0 0 0 0 2 
1 0 1 0 0 1 0 0 0 2 0 0 0 -1 2 0 0 0 1 0 2 0 0 0 0 0 0 2 
1 0 1 0 0 1 0 0 0 1 0 0 0 0 1 0 0 0 0 0 1 0 0 0 0 0 0 8 
2 1 2 1 1 2 1 0 1 2 1 1 1 1 2 0 0 0 0 0 1 1 1 1 1 1 0 3 
1 0 1 0 0 1 0 0 0 2 0 0 0 1 2 0 0 0 1 1 2 0 0 0 -1 -1 0 3 
1 0 1 0 0 1 0 0 0 1 0 0 0 0 2 0 0 0 0 -1 2 0 0 0 0 0 0 3 
1 0 1 0 0 2 0 0 -1 2 0 0 -1 1 2 0 0 1 -1 -1 2 0 0 -1 0 1 0 3 
1 0 1 0 0 1 0 0 0 1 0 0 0 0 2 0 0 0 0 0 2 0 0 0 0 0 1 3 
2 1 2 1 1 2 1 1 0 2 0 0 0 0 1 0 0 0 0 0 2 0 0 0 0 0 -1 2 
2 1 2 -1 -1 2 1 1 0 2 0 0 0 0 1 0 0 0 0 0 1 0 0 0 0 0 0 3 
1 0 1 0 0 1 0 0 0 1 0 0 0 0 1 0 0 0 0 0 2 0 0 0 0 0 0 6 
1 0 1 0 0 2 0 0 1 2 0 0 1 0 2 0 0 0 0 0 2 0 0 1 1 1 -1 3 
1 0 1 0 0 1 0 0 0 2 0 0 0 -1 2 0 0 0 -1 1 2 0 0 0 1 -1 -1 4 
1 0 1 0 0 2 0 0 -1 2 0 0 0 0 2 0 0 0 0 1 2 0 0 1 -1 1 1 3 
2 0 2 1 1 3 1 1 2 3 0 0 -1 -1 2 0 0 1 1 0 2 0 0 0 0 0 0 1 
1 0 1 0 0 1 0 0 0 2 0 0 0 0 2 0 0 0 0 0 2 0 0 0 0 0 0 2 
1 0 1 0 0 2 0 0 0 2 0 0 0 0 2 0 0 -1 -1 1 3 0 0 -1 1 -1 0 3 
1 0 2 0 0 2 0 0 1 2 0 0 1 0 2 0 -1 0 0 0 2 0 1 0 0 0 -1 2 
1 0 1 0 0 1 0 0 0 1 0 0 0 0 1 0 0 0 0 0 4 0 0 0 0 0 0 4 
1 0 2 0 1 2 0 -1 -1 2 0 -1 -1 0 3 0 -1 -1 0 2 3 0 0 0 0 1 1 2 
1 0 2 0 0 2 0 0 1 2 0 0 -1 -1 2 0 1 1 1 0 3 0 1 0 0 0 1 2 
1 0 1 0 0 1 0 0 0 1 0 0 0 0 1 0 0 0 0 0 2 0 0 0 0 0 0 9 
1 0 2 0 0 2 0 -1 -1 3 0 1 1 0 3 0 0 0 -1 -1 2 0 1 1 0 2 -1 3 
1 0 1 0 0 1 0 0 0 2 0 0 0 -1 2 0 0 0 0 0 2 0 0 0 0 0 -1 4 
1 0 1 0 0 1 0 0 0 2 0 0 0 0 2 0 0 0 -1 1 3 0 0 0 0 0 0 3 
1 0 2 0 1 2 0 -1 -1 2 0 1 1 -1 3 0 1 1 -1 0 3 0 -1 -1 1 0 0 3 
2 1 2 -1 -1 2 1 1 0 2 0 0 0 0 1 0 0 0 0 0 2 0 0 0 0 0 0 4 
1 0 2 0 -1 2 0 -1 1 2 0 1 -1 0 3 0 0 0 0 0 2 0 -1 1 0 -1 0 3 
1 0 1 0 0 2 0 0 0 2 0 0 1 1 3 0 0 1 1 1 3 0 0 -1 -1 -1 -1 3 
1 0 1 0 0 3 0 0 1 3 0 0 -1 1 3 0 0 1 1 1 3 0 0 1 1 -1 1 3 
1 0 3 0 -1 3 0 1 1 3 0 1 -1 -1 3 0 1 1 1 1 3 0 1 1 1 1 1 3 
1 0 1 0 0 3 0 0 -1 3 0 0 1 1 3 0 0 1 -1 1 3 0 0 -1 1 -1 -1 3 
1 0 2 0 0 2 0 0 0 2 0 0 0 0 2 0 0 0 0 0 2 0 0 0 0 0 0 2 
1 0 4 0 -2 4 0 -2 2 4 0 -2 0 2 4 0 2 0 0 0 4 0 -2 0 0 2 -2 4 
1 0 4 0 2 4 0 2 0 4 0 -2 -2 -2 4 0 -2 -2 -2 2 4 0 -2 -2 -2 2 2 4 
\\ dimension 8: 24 genera
1 0 1 0 0 1 0 0 0 1 0 0 0 0 1 0 0 0 0 0 1 0 0 0 0 0 0 1 0 0 0 0 0 0 0 1 
1 0 1 0 0 1 0 0 0 1 0 0 0 0 1 0 0 0 0 0 1 0 0 0 0 0 0 1 0 0 0 0 0 0 0 2 
1 0 1 0 0 1 0 0 0 1 0 0 0 0 1 0 0 0 0 0 1 0 0 0 0 0 0 1 0 0 0 0 0 0 0 3 
1 0 1 0 0 1 0 0 0 1 0 0 0 0 1 0 0 0 0 0 1 0 0 0 0 0 0 2 0 0 0 0 0 0 0 2 
1 0 1 0 0 2 0 0 1 2 0 0 -1 -1 2 0 0 1 1 0 2 0 0 0 0 0 0 1 0 0 0 0 0 0 0 1 
1 0 1 0 0 2 0 0 1 2 0 0 1 0 2 0 0 -1 -1 -1 2 0 0 1 0 1 0 2 0 0 0 0 0 0 0 1 
1 0 1 0 0 1 0 0 0 1 0 0 0 0 1 0 0 0 0 0 2 0 0 0 0 0 1 2 0 0 0 0 0 -1 0 2 
2 1 2 -1 -1 2 1 1 0 2 -1 -1 1 0 2 1 1 -1 1 -1 2 0 0 0 0 0 0 1 -1 0 1 0 1 -1 0 3 
1 0 1 0 0 1 0 0 0 1 0 0 0 0 1 0 0 0 0 0 2 0 0 0 0 0 -1 2 0 0 0 0 0 0 0 2 
2 1 2 -1 -1 2 1 1 0 2 1 1 0 1 2 1 0 -1 0 0 2 0 0 0 0 0 0 1 0 0 0 0 0 0 0 2 
2 -1 2 1 -1 2 -1 1 0 2 1 0 0 -1 2 -1 1 0 1 -1 2 0 0 0 0 0 0 1 -1 1 0 1 -1 1 0 4 
1 0 1 0 0 2 0 0 -1 2 0 0 -1 0 2 0 0 1 0 -1 2 0 0 1 0 -1 1 2 0 0 1 -1 -1 1 0 3 
1 0 1 0 0 1 0 0 0 1 0 0 0 0 2 0 0 0 0 -1 2 0 0 0 0 -1 1 2 0 0 0 0 1 0 0 3 
2 1 2 -1 0 2 1 1 -1 2 0 0 0 0 1 -1 0 1 -1 0 2 -1 -1 1 -1 0 1 3 1 1 0 1 0 0 0 3 
1 0 2 0 0 2 0 1 1 3 0 0 0 1 2 0 1 1 0 -1 3 0 1 1 2 1 1 3 0 0 0 0 0 0 0 1 
2 -1 2 1 -1 2 1 -1 0 2 -1 1 -1 -1 2 0 0 0 0 0 1 0 0 0 0 0 0 2 0 0 0 0 0 0 0 2 
2 -1 2 1 0 2 -1 1 -1 2 0 0 0 0 1 0 0 0 0 0 2 0 0 0 0 0 1 2 0 0 0 0 0 -1 -1 2 
1 0 1 0 0 2 0 0 1 2 0 0 1 1 2 0 0 1 1 0 2 0 0 0 0 0 0 1 0 0 0 0 0 0 0 4 
2 1 2 -1 -1 2 1 0 -1 2 1 1 -1 1 2 0 0 0 0 0 1 -1 -1 1 -1 -1 0 3 -1 -1 1 -1 -1 0 1 3 
1 0 2 0 -1 2 0 1 -1 2 0 0 0 0 2 0 -1 1 0 1 3 0 -1 1 0 1 2 3 0 0 0 0 1 1 0 2 
1 0 1 0 0 1 0 0 0 2 0 0 0 0 2 0 0 0 0 0 2 0 0 0 0 0 0 2 0 0 0 0 0 0 0 2 
3 -1 3 -1 -1 3 1 -1 1 3 1 1 -1 1 3 1 -1 -1 -1 -1 3 -1 1 1 -1 -1 -1 3 0 0 0 0 0 0 0 1 
1 0 1 0 0 3 0 0 1 3 0 0 -1 1 3 0 0 -1 -1 -1 3 0 0 1 -1 -1 1 3 0 0 1 1 -1 -1 -1 3 
1 0 4 0 2 4 0 2 0 4 0 2 0 0 4 0 2 2 0 0 4 0 2 2 0 2 2 4 0 -2 0 0 -2 -2 -2 4 
\\ dimension 9: 13 genera
2 -1 2 1 0 2 -1 1 -1 2 1 -1 0 0 2 1 -1 1 -1 0 2 -1 0 -1 0 -1 0 2 -1 0 -1 0 0 -1 1 2 0 0 0 0 0 0 0 0 1 
1 0 1 0 0 1 0 0 0 1 0 0 0 0 1 0 0 0 0 0 1 0 0 0 0 0 0 1 0 0 0 0 0 0 0 1 0 0 0 0 0 0 0 0 2 
1 0 1 0 0 1 0 0 0 1 0 0 0 0 1 0 0 0 0 0 1 0 0 0 0 0 0 1 0 0 0 0 0 0 0 2 0 0 0 0 0 0 0 -1 2 
1 0 1 0 0 1 0 0 0 1 0 0 0 0 1 0 0 0 0 0 1 0 0 0 0 0 0 1 0 0 0 0 0 0 0 2 0 0 0 0 0 0 0 0 2 
1 0 1 0 0 1 0 0 0 1 0 0 0 0 1 0 0 0 0 0 2 0 0 0 0 0 1 2 0 0 0 0 0 1 1 2 0 0 0 0 0 1 1 0 2 
2 1 2 -1 -1 2 -1 -1 0 2 1 1 -1 0 2 1 1 0 -1 1 2 1 1 0 -1 1 1 2 0 0 0 0 0 0 0 1 1 0 0 0 1 1 1 0 4 
1 0 2 0 1 2 0 -1 0 2 0 -1 -1 1 2 0 -1 -1 1 1 2 0 0 0 0 0 0 1 0 0 0 0 0 0 0 1 0 0 0 0 0 0 0 0 2 
1 0 1 0 0 1 0 0 0 1 0 0 0 0 1 0 0 0 0 0 1 0 0 0 0 0 0 2 0 0 0 0 0 0 0 2 0 0 0 0 0 0 1 -1 3 
1 0 2 0 1 2 0 1 1 2 0 -1 -1 0 2 0 1 0 0 0 2 0 -1 -1 -1 1 0 2 0 -1 -1 0 1 -1 1 3 0 1 1 0 -1 0 -1 -1 3 
2 1 2 1 0 2 1 0 0 2 0 0 0 0 2 0 0 0 0 1 2 0 0 0 0 -1 -1 2 0 0 0 0 1 1 0 2 0 0 0 0 0 0 0 0 1 
2 0 2 0 1 2 0 1 1 2 0 1 0 1 2 0 1 1 1 1 2 0 1 0 0 0 0 2 0 0 0 0 0 0 0 1 0 0 0 0 0 0 0 0 2 
1 0 2 0 0 2 0 0 0 2 0 0 0 0 2 0 0 0 0 0 2 0 -1 1 -1 1 1 4 0 -1 1 -1 1 1 3 4 0 1 -1 1 -1 -1 -3 -2 4 
1 0 4 0 2 4 0 -2 0 4 0 2 2 -2 4 0 2 0 -2 0 4 0 -2 -2 0 0 0 4 0 2 2 0 0 0 -2 4 0 -2 0 0 0 0 2 -2 4 
\\ dimension 10: 6 genera
2 1 2 1 0 2 1 0 0 2 1 1 1 0 2 1 0 1 1 1 2 1 1 0 1 1 1 2 1 1 0 1 1 1 1 2 0 0 0 0 0 0 0 0 1 0 0 0 0 0 0 0 0 0 1 
2 1 2 1 1 2 1 0 1 2 -1 0 0 -1 2 -1 -1 -1 -1 1 2 -1 -1 -1 -1 1 1 2 -1 -1 -1 -1 1 1 1 2 0 0 0 0 0 0 0 0 1 0 0 0 0 0 0 0 0 0 2 
1 0 1 0 0 1 0 0 0 1 0 0 0 0 1 0 0 0 0 0 1 0 0 0 0 0 0 1 0 0 0 0 0 0 0 1 0 0 0 0 0 0 0 0 2 0 0 0 0 0 0 0 0 -1 2 
2 1 2 1 1 2 1 0 1 2 1 1 1 1 2 1 1 1 1 1 2 1 1 1 1 1 1 2 1 1 1 1 1 1 1 2 1 1 1 1 1 1 1 1 2 0 0 0 0 0 0 0 0 0 1 
1 0 1 0 0 1 0 0 0 1 0 0 0 0 1 0 0 0 0 0 1 0 0 0 0 0 0 1 0 0 0 0 0 0 0 2 0 0 0 0 0 0 0 1 2 0 0 0 0 0 0 0 -1 0 2 
2 1 2 1 0 2 1 0 0 2 1 1 0 1 2 -1 -1 0 -1 -1 2 1 1 0 1 1 -1 2 -1 -1 0 -1 -1 1 -1 2 0 0 0 0 0 0 0 0 1 0 0 0 0 0 0 0 0 0 2 
\\ dimension 11: 4 genera
2 1 2 1 1 2 -1 0 -1 2 1 1 1 -1 2 -1 0 -1 1 0 2 -1 -1 -1 0 0 1 2 1 0 0 -1 0 -1 0 2 0 0 0 0 0 0 0 0 1 0 0 0 0 0 0 0 0 0 1 0 0 0 0 0 0 0 0 0 0 1 
1 0 1 0 0 1 0 0 0 2 0 0 0 -1 2 0 0 0 -1 1 2 0 0 0 -1 1 0 2 0 0 0 -1 1 1 1 2 0 0 0 -1 1 0 1 1 2 0 0 0 0 0 0 0 0 0 1 0 0 0 0 0 0 0 0 0 0 1 
2 1 2 1 1 2 1 0 1 2 -1 0 0 -1 2 -1 -1 -1 -1 1 2 -1 -1 -1 -1 1 1 2 -1 -1 -1 -1 1 1 1 2 0 0 0 0 0 0 0 0 1 0 0 0 0 0 0 0 0 0 2 0 0 0 0 0 0 0 0 0 0 2 
1 0 2 0 1 2 0 -1 -1 2 0 1 1 0 2 0 -1 -1 0 -1 2 0 1 1 0 1 -1 2 0 0 0 0 0 0 0 1 0 0 0 0 0 0 0 0 1 0 1 1 0 1 -1 1 0 0 2 0 -1 -1 0 -1 1 -1 0 0 -1 2 
\\ dimension 12: 1 genus
1 0 1 0 0 1 0 0 0 1 0 0 0 0 1 0 0 0 0 0 1 0 0 0 0 0 0 1 0 0 0 0 0 0 0 1 0 0 0 0 0 0 0 0 1 0 0 0 0 0 0 0 0 0 1 0 0 0 0 0 0 0 0 0 0 1 0 0 0 0 0 0 0 0 0 0 0 2 
\\ dimension 13: 1 genus
1 0 1 0 0 1 0 0 0 1 0 0 0 0 1 0 0 0 0 0 1 0 0 0 0 0 0 1 0 0 0 0 0 0 0 1 0 0 0 0 0 0 0 0 1 0 0 0 0 0 0 0 0 0 1 0 0 0 0 0 0 0 0 0 0 1 0 0 0 0 0 0 0 0 0 0 0 1 0 0 0 0 0 0 0 0 0 0 0 0 1 